1      2.69127351e-09   4.16719064e-09   3.18859962e-09
2      3.75008776e-09   6.04159030e-09   4.45277357e-09
4      5.37081643e-09   9.01344363e-09   6.40608290e-09
8      7.86652221e-09   1.36471984e-08   9.37998266e-09
16     1.15745685e-08   2.07852812e-08   1.39897402e-08
32     1.71575361e-08   3.18275050e-08   2.08401636e-08
64     2.51288404e-08   4.88143820e-08   3.09928973e-08
128    3.60310130e-08   7.46581533e-08   4.53340338e-08
256    5.03285263e-08   1.12582107e-07   6.43632335e-08
512    6.70012250e-08   1.65660258e-07   8.82549917e-08
1024   8.44356127e-08   2.32054671e-07   1.14031057e-07
2048   9.56468194e-08   2.64194507e-07   1.36955567e-07
4096   9.29593618e-08   2.64085606e-07   1.45374350e-07
