11.026000810266336 1.0557295140899574e-8
12.619738721231709 1.017961698825662e-8
14.592975833258079 9.302371572526063e-9
16.87475060888341 8.41784468330798e-9
19.51330635818883 7.751265506743815e-9
22.564429771666305 7.318435626087477e-9
26.092630412005626 6.9626307001428e-9
30.17250463259743 6.531039716855019e-9
34.890312759929074 5.9617229512113275e-9
40.34580288606535 5.244290447316252e-9
46.65431983145537 4.499121730950585e-9
53.94924386763148 3.8935969312974585e-9
62.384810761442836 3.5310492606560404e-9
72.13937276470485 3.337507114695283e-9
83.41916949600567 3.1442877531402934e-9
96.46268844200415 2.9269937060242013e-9
111.54570727181259 2.6689379298436924e-9
128.98712457355586 2.4602710624830957e-9
149.15570229172158 2.3127968255118163e-9
172.47786241990335 2.2341457687275346e-9
199.44670279354256 2.1558212512078132e-9
230.63242260257357 2.0644507755405374e-9
266.69437804942373 1.934375202898072e-9
308.39502304380363 1.7948240520496999e-9
356.6160296808465 1.654498453534714e-9
412.3769293360703 1.5135660948721922e-9
476.85666850375964 1.3607299264524596e-9
551.4185351314576 1.200895514488858e-9
637.638982465284 1.0586824873976363e-9
737.3409598254323 9.31280856362563e-10
852.6324550207212 8.236818984678987e-10
985.9510633001827 7.245601895815766e-10
1140.115525158066 6.352886187478732e-10
1318.3853226503356 5.570160145613954e-10
1524.5295942609441 4.883872169619273e-10
1762.9068253772305 4.2542618286927917e-10
2038.5569992612918 3.6299556810647176e-10
2357.308156855059 3.0771009939740683e-10
2725.8996184011726 2.636999078173705e-10
3152.1244721406747 2.3399531607456297e-10
3644.994342710185 2.1197623273656936e-10
4214.92992291845 1.9223831667436922e-10
4873.981297294398 1.7188841258396744e-10
5636.08271568296 1.5186324204623935e-10
6517.34720353842 1.3286289580633377e-10
7536.40723782795 1.1324213312343543e-10
8714.808691418013 9.392752313422743e-11
10077.466375065977 7.790721844240004e-11
11653.190808490475 6.749533012638916e-11
13475.297357982783 6.121058233449518e-11
15582.310619487684 5.760415565520246e-11
18018.778939847227 5.558467341640751e-11
20836.21629753885 5.3577632805352325e-11
24094.19145698807 4.7181446116329977e-11
27861.58742432369 3.6183945404190323e-11
32218.05783310857 2.9366023967399206e-11
37255.711052247236 2.605807532122352e-11
43081.0576229764 2.4178174051540987e-11
49817.26219938197 2.2458329229069367e-11
57606.74760497003 2.0433773230171065e-11
66614.20606257021 1.7227612610311233e-11
77030.08126366996 1.3920768363374295e-11
89074.59489818403 1.2073467406741018e-11
97702.18243039097 1.1539802681206276e-11