11.07121587291288 5.6595916188023526e-9
12.806199313771286 5.166861382572405e-9
14.813074078455976 4.721251285997045e-9
17.134448580529355 4.310213985404243e-9
19.819608448849824 3.920903797973428e-9
22.925562921942806 3.554014383404023e-9
26.51825522408135 3.2214557888340027e-9
30.67396262084562 2.9200155879707684e-9
35.480915879058514 2.658649675129181e-9
41.04117251421885 2.4315321201716293e-9
47.47278359677363 2.2218273917749246e-9
54.912300121184636 2.0320257757597885e-9
63.51767215108038 1.8734642917527454e-9
73.47160229290165 1.7537499018663784e-9
84.98542469640071 1.6328953740759563e-9
98.30359193793423 1.5190094214127552e-9
113.70886504858701 1.41053996641618e-9
131.52831687779207 1.3063048944670582e-9
152.14027625122142 1.2076095304370528e-9
175.98236035594073 1.1193715895623721e-9
203.56076589021936 1.041301247833601e-9
235.4610162405057 9.730192859840375e-10
272.36039286132177 9.059665173917644e-10
315.042314791524 8.427800686136139e-10
364.41297160170365 7.798028607259721e-10
421.5205629106077 7.183108744062279e-10
487.5775529491193 6.616678884838757e-10
563.9864126634964 6.094915311042863e-10
652.3693958943031 5.604257894861895e-10
754.6029818158486 5.153099747787619e-10
872.8577148913769 4.738261070211386e-10
1009.6442881951456 4.349028387564287e-10
1167.8668485068492 3.935030080072932e-10
1350.884654910959 3.5508972055126894e-10
1562.583399988683 3.187106696594818e-10
1807.4577078389643 2.865710307937467e-10
2090.7065604627205 2.592913924120104e-10
2418.3436785295444 2.3397968045830885e-10
2797.3252000459734 2.113278707518925e-10
3235.6973677001088 1.9121087609920077e-10
3742.767360466114 1.7362920072854633e-10
4329.300896433156 1.5808792939721464e-10
5007.750802209289 1.4432462136307836e-10
5792.521401709177 1.3105409673307865e-10
6700.27433762399 1.1699776438861823e-10
7750.282318538519 1.0435564216020893e-10
8964.838302180824 9.307955675543649e-11
9770.181939774853 8.669767036357941e-11
